[
  {
    "filename": "003979.png",
    "pose": [
      [
        0.20837873335967372,
        0.093643454100519,
        0.9735549327015617,
        -0.7124368260303465
      ],
      [
        0.3464789183453338,
        -0.9379203422889693,
        0.016055860699173585,
        2.2192361068175948
      ],
      [
        0.91462050197099,
        0.3339705601167081,
        -0.22788813560531596,
        3.146261167308228
      ],
      [
        0.0,
        0.0,
        0.0,
        1.0
      ]
    ]
  },
  {
    "filename": "003961.png",
    "pose": [
      [
        0.21594752365011105,
        0.11206011978794869,
        0.9699531929853602,
        -0.35710978378386954
      ],
      [
        0.34978570348868576,
        -0.9363395671708616,
        0.030301428765143135,
        2.467682594379412
      ],
      [
        0.9116011346330752,
        0.33273224145458824,
        -0.24139723865921847,
        3.309993874711091
      ],
      [
        0.0,
        0.0,
        0.0,
        1.0
      ]
    ]
  },
  {
    "filename": "003929.png",
    "pose": [
      [
        0.07980143420616548,
        0.14098661792109018,
        0.9867900002866932,
        -0.4818044440989528
      ],
      [
        0.34996761763559886,
        -0.9308925194603823,
        0.10469853780815545,
        2.4372060159465003
      ],
      [
        0.9333565222920461,
        0.33698945203058656,
        -0.12362730893707408,
        3.614251273127092
      ],
      [
        0.0,
        0.0,
        0.0,
        1.0
      ]
    ]
  },
  {
    "filename": "003914.png",
    "pose": [
      [
        0.011513874790237022,
        0.15736825647366376,
        0.9874728667369825,
        -0.5887776108349237
      ],
      [
        0.3414224943002806,
        -0.9288076746622647,
        0.1440381334031116,
        2.3885018209029685
      ],
      [
        0.9398394070654252,
        0.33548701218216614,
        -0.06442323791919735,
        3.6629391600109575
      ],
      [
        0.0,
        0.0,
        0.0,
        1.0
      ]
    ]
  },
  {
    "filename": "003902.png",
    "pose": [
      [
        -0.02036544075145641,
        0.1695546638071394,
        0.9853103393369256,
        -0.5884966398320142
      ],
      [
        0.3530215429421059,
        -0.9208158140205973,
        0.16575290907963197,
        2.4619245540382106
      ],
      [
        0.9353935209534938,
        0.35121140731877404,
        -0.041103629126786334,
        3.6847688468485873
      ],
      [
        0.0,
        0.0,
        0.0,
        1.0
      ]
    ]
  },
  {
    "filename": "003880.png",
    "pose": [
      [
        -0.0846435257674667,
        0.18730002294453763,
        0.9786491582536757,
        -0.5444546570455863
      ],
      [
        0.3431822010582566,
        -0.916600899730657,
        0.20510672219544857,
        2.425663458927972
      ],
      [
        0.9354471927492555,
        0.35321592831853754,
        0.0133062977424665,
        3.652976095734321
      ],
      [
        0.0,
        0.0,
        0.0,
        1.0
      ]
    ]
  },
  {
    "filename": "003856.png",
    "pose": [
      [
        -0.05510864706798535,
        0.20656607084244993,
        0.9768794682022183,
        0.07170113353632633
      ],
      [
        0.32314470264381423,
        -0.9220222659185753,
        0.213195783972427,
        2.38294777329154
      ],
      [
        0.9447436362165017,
        0.32742235648637197,
        -0.015939331897354192,
        3.6375016673906155
      ],
      [
        0.0,
        0.0,
        0.0,
        1.0
      ]
    ]
  },
  {
    "filename": "003836.png",
    "pose": [
      [
        -0.09210312615079697,
        0.2215606456091721,
        0.970787255000032,
        0.3306079083000135
      ],
      [
        0.30575207333225773,
        -0.9215406356233116,
        0.23932932655236477,
        2.279019365531974
      ],
      [
        0.9476458641318897,
        0.3188631951358288,
        0.0171341466520617,
        3.5723634833298337
      ],
      [
        0.0,
        0.0,
        0.0,
        1.0
      ]
    ]
  },
  {
    "filename": "003826.png",
    "pose": [
      [
        -0.11386104149970366,
        0.23755026571149762,
        0.9646789800182235,
        0.4074445280056454
      ],
      [
        0.3049348477818101,
        -0.9157694140339876,
        0.26149783732974174,
        2.316891689030253
      ],
      [
        0.9455423850028551,
        0.32393865403845323,
        0.03183310514021864,
        3.5417215967171956
      ],
      [
        0.0,
        0.0,
        0.0,
        1.0
      ]
    ]
  },
  {
    "filename": "003806.png",
    "pose": [
      [
        -0.08716532246324427,
        0.24416420485972812,
        0.9658084942808776,
        0.8150295187985829
      ],
      [
        0.2822615199026436,
        -0.9237147771402423,
        0.2589969978107908,
        2.180876225597265
      ],
      [
        0.9553693740863418,
        0.29518613036179386,
        0.011597736843965478,
        3.5235961734133587
      ],
      [
        0.0,
        0.0,
        0.0,
        1.0
      ]
    ]
  },
  {
    "filename": "003788.png",
    "pose": [
      [
        -0.13081236749348424,
        0.2702332606360357,
        0.9538669243436246,
        1.1309032969556798
      ],
      [
        0.24182567481573347,
        -0.924375749420504,
        0.2950420595155826,
        2.0105310365242857
      ],
      [
        0.9614616308052364,
        0.26926466297919205,
        0.05557043962429453,
        3.5084082617611307
      ],
      [
        0.0,
        0.0,
        0.0,
        1.0
      ]
    ]
  },
  {
    "filename": "003774.png",
    "pose": [
      [
        -0.1560270934122292,
        0.2616878856705003,
        0.9524573463492396,
        1.8244122970529586
      ],
      [
        0.1691162156091946,
        -0.9429512157058566,
        0.28677989890658784,
        2.0096610738712397
      ],
      [
        0.9731676380456538,
        0.20582141601920706,
        0.10287027252074565,
        3.392091039898957
      ],
      [
        0.0,
        0.0,
        0.0,
        1.0
      ]
    ]
  },
  {
    "filename": "003761.png",
    "pose": [
      [
        -0.26286495456974124,
        0.26042116146565797,
        0.9290225155075231,
        1.635877704834012
      ],
      [
        0.0789179147591473,
        -0.9538548440875951,
        0.2897117518166953,
        1.7665858396379084
      ],
      [
        0.9615996975816476,
        0.14947158616776696,
        0.23018311523518786,
        3.5234648306216068
      ],
      [
        0.0,
        0.0,
        0.0,
        1.0
      ]
    ]
  },
  {
    "filename": "003749.png",
    "pose": [
      [
        -0.44222049758467397,
        0.33140850312536224,
        0.8334323221307001,
        1.1503768912510628
      ],
      [
        0.10361897809960469,
        -0.904130326444821,
        0.41450145980487946,
        1.997849206477626
      ],
      [
        0.8909007458149072,
        0.26966044733885103,
        0.365484752414452,
        3.4813992228441215
      ],
      [
        0.0,
        0.0,
        0.0,
        1.0
      ]
    ]
  },
  {
    "filename": "003741.png",
    "pose": [
      [
        -0.5790934509688066,
        0.3502828763639414,
        0.7361743554153748,
        0.7962495709867713
      ],
      [
        0.06351866287511329,
        -0.8808617404730654,
        0.4690927132639349,
        2.1493014603120395
      ],
      [
        0.8127829688862807,
        0.31840932884726586,
        0.48785176518225015,
        3.5271896450117572
      ],
      [
        0.0,
        0.0,
        0.0,
        1.0
      ]
    ]
  },
  {
    "filename": "003732.png",
    "pose": [
      [
        -0.7095169100244998,
        0.3350312403485517,
        0.6199514677616286,
        0.5461192598351662
      ],
      [
        0.007561605495279011,
        -0.8760823004665581,
        0.48210229716478,
        2.1656183699426164
      ],
      [
        0.7046478386482288,
        0.34674756062550033,
        0.6190618326860773,
        3.5736804783110467
      ],
      [
        0.0,
        0.0,
        0.0,
        1.0
      ]
    ]
  },
  {
    "filename": "003719.png",
    "pose": [
      [
        -0.8072527898164268,
        0.2983211528329395,
        0.5092616450372268,
        0.6538414817062819
      ],
      [
        -0.05284557095011956,
        -0.8959224282086509,
        0.4410559468635147,
        1.9585542722634928
      ],
      [
        0.5878352481474315,
        0.32913142117570837,
        0.7390008312784947,
        3.5587612350109388
      ],
      [
        0.0,
        0.0,
        0.0,
        1.0
      ]
    ]
  },
  {
    "filename": "003716.png",
    "pose": [
      [
        -0.8302721122686956,
        0.295003496915773,
        0.47288598667791426,
        0.6431704506789736
      ],
      [
        -0.06660202333557963,
        -0.8948752851275459,
        0.4413189261242949,
        1.9436639060523506
      ],
      [
        0.553364608623,
        0.3349196334575796,
        0.7626378229855602,
        3.4841128686462413
      ],
      [
        0.0,
        0.0,
        0.0,
        1.0
      ]
    ]
  },
  {
    "filename": "003703.png",
    "pose": [
      [
        -0.9138246212524868,
        0.30008701573231034,
        0.27362811365359674,
        0.6169469450522206
      ],
      [
        -0.16712469110804973,
        -0.891966618665778,
        0.4200772414782522,
        1.9271124746363364
      ],
      [
        0.37012686907976367,
        0.33814691211781744,
        0.8652530072819143,
        3.186520121865936
      ],
      [
        0.0,
        0.0,
        0.0,
        1.0
      ]
    ]
  },
  {
    "filename": "003692.png",
    "pose": [
      [
        -0.9501540849716035,
        0.2897801480435291,
        0.11504208191633952,
        0.48137342247812326
      ],
      [
        -0.22729366787549007,
        -0.8963683987755453,
        0.3806064663405913,
        2.021827900229159
      ],
      [
        0.21341228492165537,
        0.3354864520013225,
        0.9175532884623555,
        2.8011341420722946
      ],
      [
        0.0,
        0.0,
        0.0,
        1.0
      ]
    ]
  },
  {
    "filename": "003687.png",
    "pose": [
      [
        -0.9564201971574391,
        0.2823383599613985,
        0.07446782502284774,
        0.5105667219469717
      ],
      [
        -0.23967019151719565,
        -0.9047522990598085,
        0.3521100348528877,
        2.0273514499835756
      ],
      [
        0.1667891056617202,
        0.3189174310700166,
        0.9329914610500274,
        2.6032100737110953
      ],
      [
        0.0,
        0.0,
        0.0,
        1.0
      ]
    ]
  },
  {
    "filename": "003672.png",
    "pose": [
      [
        -0.960092260908836,
        0.2792394540766061,
        -0.015753660843086954,
        0.6673017673810108
      ],
      [
        -0.2706334050123155,
        -0.9133375652150837,
        0.30425655631131965,
        2.146429166396976
      ],
      [
        0.07057202444595181,
        0.29637783192064515,
        0.9524598522308527,
        2.282229002343415
      ],
      [
        0.0,
        0.0,
        0.0,
        1.0
      ]
    ]
  },
  {
    "filename": "003636.png",
    "pose": [
      [
        -0.9514487829252298,
        0.24275183580795806,
        -0.18925316293781091,
        0.26303948960451734
      ],
      [
        -0.29348107372141,
        -0.9008275851169159,
        0.3199664377083236,
        2.2437891646901003
      ],
      [
        -0.09281202959437816,
        0.35997389919866746,
        0.9283343789057259,
        2.2549372663486205
      ],
      [
        0.0,
        0.0,
        0.0,
        1.0
      ]
    ]
  },
  {
    "filename": "003615.png",
    "pose": [
      [
        -0.9552773443618892,
        0.28379859467677915,
        -0.08308762247399742,
        -0.021004657220198335
      ],
      [
        -0.2954725910767819,
        -0.9047654210774538,
        0.3067498667398411,
        2.186033507424698
      ],
      [
        0.011880373364045377,
        0.3175813131814003,
        0.9481566148304341,
        2.530245559322306
      ],
      [
        0.0,
        0.0,
        0.0,
        1.0
      ]
    ]
  },
  {
    "filename": "003604.png",
    "pose": [
      [
        -0.9298220184318833,
        0.3661070791656037,
        0.03737138777312832,
        0.07915980199208215
      ],
      [
        -0.3358053311812814,
        -0.885611780957837,
        0.3208216840846619,
        2.1903868472194366
      ],
      [
        0.15055163097585167,
        0.2857575546044568,
        0.9464020426842875,
        2.466766276918817
      ],
      [
        0.0,
        0.0,
        0.0,
        1.0
      ]
    ]
  },
  {
    "filename": "003591.png",
    "pose": [
      [
        -0.871221382690625,
        0.46797010729094435,
        0.14824736430958346,
        0.05330695779654132
      ],
      [
        -0.3923948819169292,
        -0.8453557060472017,
        0.36249136113683705,
        2.166906705497386
      ],
      [
        0.2949568764888107,
        0.25763871785028675,
        0.9201210420789347,
        2.5181463490692395
      ],
      [
        0.0,
        0.0,
        0.0,
        1.0
      ]
    ]
  },
  {
    "filename": "003580.png",
    "pose": [
      [
        -0.8465116247638367,
        0.4885540607317046,
        0.2115017703998052,
        0.011258733688653114
      ],
      [
        -0.39408247184095513,
        -0.8421592734981023,
        0.3680580979259547,
        2.02717442493007
      ],
      [
        0.35793445563037485,
        0.22821631800489373,
        0.9054282067998967,
        2.668390508181713
      ],
      [
        0.0,
        0.0,
        0.0,
        1.0
      ]
    ]
  },
  {
    "filename": "003569.png",
    "pose": [
      [
        -0.8088657211220909,
        0.5458233849969734,
        0.21866201678408997,
        -0.2041742833487771
      ],
      [
        -0.42918600369175114,
        -0.8022538072626089,
        0.41495566385790306,
        1.9878374657979498
      ],
      [
        0.40191494053934357,
        0.24179673513737654,
        0.8831753616627681,
        2.829952800441437
      ],
      [
        0.0,
        0.0,
        0.0,
        1.0
      ]
    ]
  },
  {
    "filename": "003563.png",
    "pose": [
      [
        -0.7671627770043605,
        0.5997063107891781,
        0.22762604064252345,
        -0.28835255818567657
      ],
      [
        -0.45670891923955803,
        -0.7598442582011884,
        0.4626593415956507,
        2.004443174246342
      ],
      [
        0.45042006689976954,
        0.25097618229290175,
        0.8568154522741098,
        2.8586729029148765
      ],
      [
        0.0,
        0.0,
        0.0,
        1.0
      ]
    ]
  },
  {
    "filename": "003549.png",
    "pose": [
      [
        -0.6536563183682074,
        0.6780638648436133,
        0.33609940888175205,
        -0.18246735602517136
      ],
      [
        -0.46667805848143384,
        -0.7107673489952275,
        0.5263281916583001,
        1.921364633414846
      ],
      [
        0.5957726136617227,
        0.18718752841906708,
        0.7810350965321857,
        3.124127388529986
      ],
      [
        0.0,
        0.0,
        0.0,
        1.0
      ]
    ]
  },
  {
    "filename": "003539.png",
    "pose": [
      [
        -0.6017059858888907,
        0.7151186656071601,
        0.3557459776943567,
        -0.39853084534592764
      ],
      [
        -0.46112375182833365,
        -0.6746946060562369,
        0.5763263607179369,
        1.8063512313714858
      ],
      [
        0.6521616303074264,
        0.18273610113728198,
        0.7357259851982292,
        3.489159578116351
      ],
      [
        0.0,
        0.0,
        0.0,
        1.0
      ]
    ]
  },
  {
    "filename": "003533.png",
    "pose": [
      [
        -0.5567196307142093,
        0.7421808178927483,
        0.37313655185399064,
        -0.48860691687511937
      ],
      [
        -0.4538048634944533,
        -0.6479564925419636,
        0.6117299482954035,
        1.7825383310166956
      ],
      [
        0.6957904847338854,
        0.17123088893294822,
        0.6975353639988565,
        3.677731027140928
      ],
      [
        0.0,
        0.0,
        0.0,
        1.0
      ]
    ]
  },
  {
    "filename": "003524.png",
    "pose": [
      [
        -0.49667021811848766,
        0.7669459299796186,
        0.4063405405836734,
        -0.4995117200386836
      ],
      [
        -0.43353345384223263,
        -0.6247985215517409,
        0.6493654994426359,
        1.6831046344977432
      ],
      [
        0.7519091958699261,
        0.1463582862514347,
        0.6428155359135188,
        3.846729902454616
      ],
      [
        0.0,
        0.0,
        0.0,
        1.0
      ]
    ]
  },
  {
    "filename": "003515.png",
    "pose": [
      [
        -0.4392975261677996,
        0.7930000269387496,
        0.4221002733687743,
        -0.5078550937153061
      ],
      [
        -0.43586019172606183,
        -0.5990033069016247,
        0.6717298054943214,
        1.514009499221662
      ],
      [
        0.7855212134445334,
        0.1111125357286955,
        0.6087778146685103,
        3.9395068051831186
      ],
      [
        0.0,
        0.0,
        0.0,
        1.0
      ]
    ]
  },
  {
    "filename": "003498.png",
    "pose": [
      [
        -0.3527358041235804,
        0.8337878526777113,
        0.4247060974560909,
        -0.5602274218746827
      ],
      [
        -0.45297378543276057,
        -0.5493075908811651,
        0.7021936487259383,
        0.9319058092217505
      ],
      [
        0.8187748177612736,
        0.05530811267275426,
        0.5714444946559301,
        4.329999537791073
      ],
      [
        0.0,
        0.0,
        0.0,
        1.0
      ]
    ]
  },
  {
    "filename": "003488.png",
    "pose": [
      [
        -0.3272002160629812,
        0.8448442213572065,
        0.4232945313226645,
        -0.5504861165087701
      ],
      [
        -0.4621235174284688,
        -0.5337930951838166,
        0.7081714384057161,
        0.5671442012914524
      ],
      [
        0.824246245516398,
        0.03609948993291762,
        0.5650795993297802,
        4.420136964394289
      ],
      [
        0.0,
        0.0,
        0.0,
        1.0
      ]
    ]
  },
  {
    "filename": "003481.png",
    "pose": [
      [
        -0.3947821828724156,
        0.8137059142052625,
        0.4266494032268991,
        -0.8000880230522616
      ],
      [
        -0.44482761104466384,
        -0.5755913499145175,
        0.6861654278349218,
        0.39299434801638666
      ],
      [
        0.8039125726960541,
        0.0811004506212023,
        0.5891920674705742,
        4.281037001092583
      ],
      [
        0.0,
        0.0,
        0.0,
        1.0
      ]
    ]
  },
  {
    "filename": "003465.png",
    "pose": [
      [
        -0.30390796264158726,
        0.8486257351255202,
        0.43298303884299,
        -0.44657703922793657
      ],
      [
        -0.4198106368444996,
        -0.5272642219983497,
        0.738749936983206,
        0.550282497344113
      ],
      [
        0.8552186734603351,
        0.04274110297062467,
        0.5165019057869962,
        4.199837777212547
      ],
      [
        0.0,
        0.0,
        0.0,
        1.0
      ]
    ]
  },
  {
    "filename": "003461.png",
    "pose": [
      [
        -0.2745763125215597,
        0.8534278758996772,
        0.4430222446327367,
        -0.2877634389545021
      ],
      [
        -0.3419012724397353,
        -0.5172727342288745,
        0.7845587539040493,
        0.972642693647381
      ],
      [
        0.898727638668219,
        0.06395138044444315,
        0.433818916638149,
        4.119639653080629
      ],
      [
        0.0,
        0.0,
        0.0,
        1.0
      ]
    ]
  },
  {
    "filename": "003454.png",
    "pose": [
      [
        -0.305814382434886,
        0.8254616963329358,
        0.4744370889624055,
        -0.3438098021428833
      ],
      [
        -0.24264847510371457,
        -0.5494288800914588,
        0.7995308769843021,
        1.3639260997587337
      ],
      [
        0.9206515524484882,
        0.12938660521320416,
        0.3683202755287728,
        3.9298689020052398
      ],
      [
        0.0,
        0.0,
        0.0,
        1.0
      ]
    ]
  },
  {
    "filename": "003448.png",
    "pose": [
      [
        -0.21133325699543382,
        0.8760805927234117,
        0.4333832594149178,
        -0.19118096165353235
      ],
      [
        -0.20093395109542883,
        -0.4728683315501714,
        0.8579167140895072,
        1.5772389338665613
      ],
      [
        0.9565374021881643,
        0.09422492276650124,
        0.2759671396104344,
        3.7926192788454283
      ],
      [
        0.0,
        0.0,
        0.0,
        1.0
      ]
    ]
  },
  {
    "filename": "003409.png",
    "pose": [
      [
        -0.13809512559982595,
        0.8578456064179906,
        0.49500570889123974,
        0.17559765205759914
      ],
      [
        0.24002939334486817,
        -0.4559069422982529,
        0.8570500278832925,
        3.0782020479546626
      ],
      [
        0.9608931400608828,
        0.237170351253288,
        -0.1429496340335612,
        2.845945265841075
      ],
      [
        0.0,
        0.0,
        0.0,
        1.0
      ]
    ]
  },
  {
    "filename": "003407.png",
    "pose": [
      [
        -0.11871919135686149,
        0.8491148271809029,
        0.5146938545049073,
        0.2832114709889704
      ],
      [
        0.22027711053701904,
        -0.4829203772454769,
        0.847505695446673,
        2.975898658110198
      ],
      [
        0.9681858025074708,
        0.21399046591526527,
        -0.1297086439692161,
        2.9111321836820743
      ],
      [
        0.0,
        0.0,
        0.0,
        1.0
      ]
    ]
  },
  {
    "filename": "003406.png",
    "pose": [
      [
        -0.12278798393713153,
        0.8332514021773754,
        0.5390873878788973,
        0.3206605775058849
      ],
      [
        0.21028416160155244,
        -0.5090197874159244,
        0.8346732458864243,
        2.9058476274255893
      ],
      [
        0.9698988000715265,
        0.21584938449874036,
        -0.1127180590292789,
        2.9656336130761445
      ],
      [
        0.0,
        0.0,
        0.0,
        1.0
      ]
    ]
  },
  {
    "filename": "003392.png",
    "pose": [
      [
        -0.17738831001352473,
        0.8063959490504214,
        0.5641444503189017,
        0.17390202099905566
      ],
      [
        -0.29824330796124954,
        -0.590327275175144,
        0.7500430903892263,
        0.7002969813086461
      ],
      [
        0.9378615658650677,
        -0.03520343078962379,
        0.34521935306955664,
        4.08824318225984
      ],
      [
        0.0,
        0.0,
        0.0,
        1.0
      ]
    ]
  },
  {
    "filename": "003379.png",
    "pose": [
      [
        -0.1822327125794494,
        0.8105804871748982,
        0.5565523445977398,
        0.04942735458230813
      ],
      [
        -0.3850944266510702,
        -0.5796498212226671,
        0.7181283780208205,
        0.059386252732595034
      ],
      [
        0.9047063175573717,
        -0.08345872373716134,
        0.4177811872307615,
        4.078351282300188
      ],
      [
        0.0,
        0.0,
        0.0,
        1.0
      ]
    ]
  },
  {
    "filename": "003372.png",
    "pose": [
      [
        -0.1654218791760491,
        0.8076750676731576,
        0.5659475125389501,
        0.0029172427886601663
      ],
      [
        -0.3685194382557585,
        -0.5829072290869302,
        0.7241633696244636,
        -0.034824986281593806
      ],
      [
        0.9147835949105805,
        -0.0887701939693592,
        0.3940695714529573,
        3.994153278716943
      ],
      [
        0.0,
        0.0,
        0.0,
        1.0
      ]
    ]
  },
  {
    "filename": "003359.png",
    "pose": [
      [
        -0.12875695085778283,
        0.8238882369870864,
        0.5519328043884667,
        -0.07195168563520594
      ],
      [
        -0.31804283674621797,
        -0.561473051502726,
        0.7639350538040759,
        0.01556128598557724
      ],
      [
        0.9392925005557243,
        -0.07717632661981444,
        0.33432531015351874,
        3.7656298062228575
      ],
      [
        0.0,
        0.0,
        0.0,
        1.0
      ]
    ]
  },
  {
    "filename": "003338.png",
    "pose": [
      [
        -0.09423677257507346,
        0.8662360815937735,
        0.49066738391674175,
        -0.4191109108926057
      ],
      [
        -0.12040381304718584,
        -0.4991596831781384,
        0.8581040336073469,
        0.5503034384146247
      ],
      [
        0.9882420515735668,
        0.021786730699345502,
        0.15133732476524753,
        3.521808353049282
      ],
      [
        0.0,
        0.0,
        0.0,
        1.0
      ]
    ]
  },
  {
    "filename": "003325.png",
    "pose": [
      [
        -0.1632288165262099,
        0.8441403807540897,
        0.510669532120131,
        -0.8047636200647343
      ],
      [
        -0.001133653197703366,
        -0.5177717532589985,
        0.8555180456060121,
        0.7408523806165379
      ],
      [
        0.9865875877416462,
        0.13906627595302767,
        0.08547223295711925,
        3.4896893974947787
      ],
      [
        0.0,
        0.0,
        0.0,
        1.0
      ]
    ]
  },
  {
    "filename": "003308.png",
    "pose": [
      [
        -0.24171291024066566,
        0.8234045857246779,
        0.513400192082706,
        -1.1747251033253199
      ],
      [
        -0.0451251331399517,
        -0.5380548415854434,
        0.8417010810291056,
        0.31728360809710915
      ],
      [
        0.9692979889497808,
        0.18028276582645064,
        0.16721104318757074,
        3.4919146665336807
      ],
      [
        0.0,
        0.0,
        0.0,
        1.0
      ]
    ]
  },
  {
    "filename": "003294.png",
    "pose": [
      [
        -0.29303481128231557,
        0.8368909386776735,
        0.4623247301799254,
        -1.3385222825474343
      ],
      [
        -0.12334552119184616,
        -0.5126014646038597,
        0.8497209076443222,
        -0.35274450049413414
      ],
      [
        0.9481120618253152,
        0.19197212101026895,
        0.25343682245516097,
        3.4103110947740793
      ],
      [
        0.0,
        0.0,
        0.0,
        1.0
      ]
    ]
  },
  {
    "filename": "003281.png",
    "pose": [
      [
        -0.3494890530261938,
        0.8197159573903757,
        0.45378756154662797,
        -1.5913702848846523
      ],
      [
        -0.08342541101367829,
        -0.5096306158261976,
        0.8563392062785693,
        -0.37139689125912045
      ],
      [
        0.9332189467708281,
        0.2614237644365771,
        0.2464954619780162,
        3.141294317864699
      ],
      [
        0.0,
        0.0,
        0.0,
        1.0
      ]
    ]
  },
  {
    "filename": "003271.png",
    "pose": [
      [
        -0.33162435763958675,
        0.8108203635803701,
        0.48228168472742994,
        -1.5680355703660354
      ],
      [
        0.016165158671049285,
        -0.5062515532585596,
        0.8622343373285686,
        -0.1147244647761418
      ],
      [
        0.9432730108856456,
        0.29373406820914116,
        0.15477830632241818,
        3.0702488194788775
      ],
      [
        0.0,
        0.0,
        0.0,
        1.0
      ]
    ]
  },
  {
    "filename": "003258.png",
    "pose": [
      [
        -0.2792601488140565,
        0.8058887354617914,
        0.5220700291533179,
        -1.4757768951030037
      ],
      [
        0.15215686829641317,
        -0.499691677565024,
        0.8527347271000991,
        0.059602708058832464
      ],
      [
        0.9480833595810968,
        0.31757136745627346,
        0.016922466054731133,
        2.771628999619364
      ],
      [
        0.0,
        0.0,
        0.0,
        1.0
      ]
    ]
  },
  {
    "filename": "003251.png",
    "pose": [
      [
        -0.2798150417557568,
        0.805822072284832,
        0.5218757804552759,
        -1.5884673450482487
      ],
      [
        0.18688570684129924,
        -0.48747260996533814,
        0.8529033867396763,
        0.0936907249619601
      ],
      [
        0.9416885233375484,
        0.3361863208879275,
        -0.014194458855032899,
        2.711386229773501
      ],
      [
        0.0,
        0.0,
        0.0,
        1.0
      ]
    ]
  },
  {
    "filename": "003240.png",
    "pose": [
      [
        -0.29448938003854885,
        0.8056060964263694,
        0.5140766698121774,
        -1.7156929062046737
      ],
      [
        0.16877168608021054,
        -0.48563427795230996,
        0.8577152593112598,
        -0.042420976951094806
      ],
      [
        0.9406338942554399,
        0.3393496213028769,
        0.007050638229268991,
        2.8126333048539656
      ],
      [
        0.0,
        0.0,
        0.0,
        1.0
      ]
    ]
  },
  {
    "filename": "003203.png",
    "pose": [
      [
        -0.24152193827966206,
        0.8142145130242264,
        0.5279411710696159,
        -1.7140717193832558
      ],
      [
        0.30625453077443554,
        -0.45228702946154753,
        0.837642289620683,
        0.09626224191551835
      ],
      [
        0.9208014529255294,
        0.3639933649966325,
        -0.14011964362166673,
        2.5949618535569123
      ],
      [
        0.0,
        0.0,
        0.0,
        1.0
      ]
    ]
  },
  {
    "filename": "003173.png",
    "pose": [
      [
        -0.12930466476437985,
        0.7978072860222718,
        0.5888835521900304,
        -1.5113323225225532
      ],
      [
        0.5338166316818658,
        -0.44446648896532714,
        0.7193673219758191,
        0.3709021579537369
      ],
      [
        0.8356554956499709,
        0.4073733846934674,
        -0.36841120780099734,
        2.453392977287665
      ],
      [
        0.0,
        0.0,
        0.0,
        1.0
      ]
    ]
  },
  {
    "filename": "003142.png",
    "pose": [
      [
        -0.10734978169117104,
        0.8069894407945419,
        0.5807271879436771,
        -1.3892124769855423
      ],
      [
        0.5102953254408782,
        -0.45657337816358234,
        0.7287931333276152,
        -0.01105884664849163
      ],
      [
        0.8532729371098362,
        0.37457815312482845,
        -0.3627898868457424,
        2.405352383874124
      ],
      [
        0.0,
        0.0,
        0.0,
        1.0
      ]
    ]
  },
  {
    "filename": "003119.png",
    "pose": [
      [
        -0.03269831270686896,
        0.7942773905247615,
        0.6066747458459927,
        -1.2763767868313456
      ],
      [
        0.5681833887694927,
        -0.4846010954921245,
        0.6650785028658264,
        -0.063496420305447
      ],
      [
        0.8222520641947577,
        0.36644945783696964,
        -0.43544958121285604,
        2.105971153635912
      ],
      [
        0.0,
        0.0,
        0.0,
        1.0
      ]
    ]
  },
  {
    "filename": "003106.png",
    "pose": [
      [
        -0.055765977541815115,
        0.7926494145898899,
        0.6071219492812884,
        -1.2759751662734489
      ],
      [
        0.5966458728251318,
        -0.46110090086923705,
        0.6568102173827045,
        -0.19071930540728765
      ],
      [
        0.800564712056148,
        0.3988644691720279,
        -0.4472172593299304,
        1.7905972842024074
      ],
      [
        0.0,
        0.0,
        0.0,
        1.0
      ]
    ]
  },
  {
    "filename": "003100.png",
    "pose": [
      [
        -0.08120520902653183,
        0.7729440414105967,
        0.6292560868794287,
        -1.339122820471043
      ],
      [
        0.6397104541586639,
        -0.44372265955904666,
        0.6275991843796186,
        -0.1626340176165949
      ],
      [
        0.7643142343742352,
        0.4535060200721709,
        -0.458427792450705,
        1.652616789580728
      ],
      [
        0.0,
        0.0,
        0.0,
        1.0
      ]
    ]
  },
  {
    "filename": "003088.png",
    "pose": [
      [
        -0.11568679358022926,
        0.7424114896624012,
        0.6598800995698987,
        -1.5444195325570276
      ],
      [
        0.7229326963446507,
        -0.39265115665963446,
        0.5685009988818874,
        -0.1463545366423512
      ],
      [
        0.6811643578072609,
        0.5428169573540467,
        -0.49128898670936705,
        1.5386596547406612
      ],
      [
        0.0,
        0.0,
        0.0,
        1.0
      ]
    ]
  },
  {
    "filename": "003066.png",
    "pose": [
      [
        -0.12116318126916559,
        0.7250924928247492,
        0.677908814188108,
        -1.5555990462630986
      ],
      [
        0.8289462795672414,
        -0.3017737350977079,
        0.47093595997418547,
        -0.00038370713273247454
      ],
      [
        0.5460472040917015,
        0.6190100884915931,
        -0.5644988585012958,
        1.6791073757241393
      ],
      [
        0.0,
        0.0,
        0.0,
        1.0
      ]
    ]
  },
  {
    "filename": "003041.png",
    "pose": [
      [
        -0.14938557061149949,
        0.7007662437612668,
        0.6975748152691593,
        -1.6156342658765743
      ],
      [
        0.8274320901630966,
        -0.29764241033696615,
        0.47619862634947874,
        -0.2944009785145213
      ],
      [
        0.5413317720782757,
        0.6483329909649255,
        -0.5353729964847573,
        1.5022189502738965
      ],
      [
        0.0,
        0.0,
        0.0,
        1.0
      ]
    ]
  },
  {
    "filename": "003024.png",
    "pose": [
      [
        -0.13760029074813995,
        0.6881876079168234,
        0.712365058306307,
        -1.6134918513820253
      ],
      [
        0.8599131585227724,
        -0.273915741114896,
        0.43071977731335614,
        -0.42321239642145775
      ],
      [
        0.4915440161220734,
        0.671839253898727,
        -0.5540906939620853,
        1.409642764731534
      ],
      [
        0.0,
        0.0,
        0.0,
        1.0
      ]
    ]
  },
  {
    "filename": "003012.png",
    "pose": [
      [
        -0.15272392507374555,
        0.6633158778957184,
        0.7325895500493447,
        -1.6857369050300237
      ],
      [
        0.8950940916549757,
        -0.22137255540499856,
        0.3870410298635212,
        -0.4841341243543931
      ],
      [
        0.41890568126300604,
        0.7148470031026872,
        -0.5599212376403344,
        1.3412252386364532
      ],
      [
        0.0,
        0.0,
        0.0,
        1.0
      ]
    ]
  },
  {
    "filename": "003002.png",
    "pose": [
      [
        -0.13453138300347312,
        0.6553130448251617,
        0.7432806470433285,
        -1.668301881604409
      ],
      [
        0.9267756216944053,
        -0.18226012693801952,
        0.3284329355614114,
        -0.604506661970503
      ],
      [
        0.3506968121043047,
        0.7330389208019675,
        -0.5828084475789328,
        1.2494084807150156
      ],
      [
        0.0,
        0.0,
        0.0,
        1.0
      ]
    ]
  },
  {
    "filename": "002981.png",
    "pose": [
      [
        -0.14560901774656587,
        0.6003074623329687,
        0.7864025461671852,
        -1.7465697042409027
      ],
      [
        0.9659802530108546,
        -0.08545242916536155,
        0.2440902151722274,
        -0.6469443295203557
      ],
      [
        0.21372918552215958,
        0.7951910669877337,
        -0.5674425100738789,
        1.4074103886858682
      ],
      [
        0.0,
        0.0,
        0.0,
        1.0
      ]
    ]
  },
  {
    "filename": "002967.png",
    "pose": [
      [
        -0.18115575051220656,
        0.5570350459486029,
        0.8104903155753295,
        -1.5788632989841278
      ],
      [
        0.9766944111136822,
        0.005440238007113796,
        0.21456568017677885,
        -0.4462895864529049
      ],
      [
        0.11511134329707462,
        0.8304711683107753,
        -0.5450385465715974,
        1.816783164904811
      ],
      [
        0.0,
        0.0,
        0.0,
        1.0
      ]
    ]
  },
  {
    "filename": "002950.png",
    "pose": [
      [
        -0.19102729224362225,
        0.39943961449296816,
        0.8966362517720212,
        -1.6420349283389186
      ],
      [
        0.963833578962527,
        0.24926361777156547,
        0.09429995185426931,
        -0.37076065954402315
      ],
      [
        -0.18583165952645558,
        0.8822219920343973,
        -0.4326094671739211,
        2.1045658307616164
      ],
      [
        0.0,
        0.0,
        0.0,
        1.0
      ]
    ]
  },
  {
    "filename": "002943.png",
    "pose": [
      [
        -0.13435977128295096,
        0.3981018287709885,
        0.9074482827081594,
        -1.6315091902387793
      ],
      [
        0.9512443288153092,
        0.30838837836544775,
        0.005552925881116444,
        -0.2201934317823027
      ],
      [
        -0.27763587440657744,
        0.8639511224706661,
        -0.4201270988929078,
        2.3349134734290513
      ],
      [
        0.0,
        0.0,
        0.0,
        1.0
      ]
    ]
  },
  {
    "filename": "002937.png",
    "pose": [
      [
        -0.13368267271978307,
        0.35544769248905567,
        0.9250869585713017,
        -1.7282906990371714
      ],
      [
        0.8851228844382737,
        0.46267772037986,
        -0.04986789054859442,
        0.2097234923813961
      ],
      [
        -0.4457425517697026,
        0.8121491642354266,
        -0.3764668811111176,
        2.4109071407623506
      ],
      [
        0.0,
        0.0,
        0.0,
        1.0
      ]
    ]
  },
  {
    "filename": "002924.png",
    "pose": [
      [
        -0.10186850717935192,
        0.17219400039106564,
        0.9797816254014831,
        -2.0454829805538877
      ],
      [
        0.6907480198643507,
        0.7210085999956212,
        -0.05489783042919627,
        1.188546232434641
      ],
      [
        -0.7158840550665511,
        0.6711898576123421,
        -0.1923907345476783,
        2.636822444166563
      ],
      [
        0.0,
        0.0,
        0.0,
        1.0
      ]
    ]
  },
  {
    "filename": "002914.png",
    "pose": [
      [
        0.08957697938660336,
        0.14507592615740136,
        0.985357265368021,
        -2.509030611878815
      ],
      [
        0.42279865695371366,
        0.8902297589813523,
        -0.1695059642081642,
        1.3472115450058848
      ],
      [
        -0.9017855956058004,
        0.4317915606789643,
        0.018406186033947947,
        2.5146382598024313
      ],
      [
        0.0,
        0.0,
        0.0,
        1.0
      ]
    ]
  },
  {
    "filename": "002908.png",
    "pose": [
      [
        0.18746243379103145,
        0.24647382715566019,
        0.9508461959982722,
        -2.477535170312967
      ],
      [
        0.4362219832429633,
        0.8464252888397877,
        -0.30540892545578596,
        1.0952172635880395
      ],
      [
        -0.8800955727946363,
        0.4720327138448391,
        0.051155642968857995,
        2.6956494356015446
      ],
      [
        0.0,
        0.0,
        0.0,
        1.0
      ]
    ]
  },
  {
    "filename": "002901.png",
    "pose": [
      [
        0.18633591084135515,
        0.3136892891424376,
        0.9310628110972079,
        -2.4894916256414628
      ],
      [
        0.4704316480709238,
        0.8034778366892825,
